4913954
6332702
4614780
3263046
4393707
5795769
4974590
7062284
2924494
7151530
6815009
9143097
3542279
6497619
2983128
6146194
7510018
6655045
7753842
7534801
5138345
1866015
8640633
7099539
8623444
6591219
2625088
8259609
4618920
5339245
7266214
7654588
2811679
2904832
9716805
5475964
5964729
5299795
9414828
9248891
5198894
5686579
4825667
1442008
5103763
8086399
4864177
7031117
8257858
2323900
4491342
5605761
2620744
2920482
8791789
2112059
9215991
3920611
4408408
1690631
9361143
7895279
6420680
5925245
2199890
6625075
9669949
3756427
3151134
6872154
6856594
4078339
1304313
6217329
6201822
5831616
3699531
3961058
1972882
7766463
3361921
1482377
7803705
5742970
7992432
2563672
1784313
6154656
2513860
8406935
3897307
8633915
2390981
8241028
1194134
4361826
2809902
7700576
3736514
7602820
5522788
6620493
6567827
4063249
6349521
3995619
7733423
5223980
5945446
1274298
5584363
8018211
8975309
2864924
5432433
3907890
4129664
8074615
4907340
6006999
8098986
3597039
8216078
4634174
7483973
4109372
4804378
1838647
3456286
6203618
9888283
2996811
6751977
3880386
6061627
3846144
5594954
5198286
6613086
6557880
5704582
7978097
9343907
8820367
8014087
8930301
7453515
4060473
6574856
6214856
1403731
3973910
6323994
9758921
9033019
6413967
3717601
1288368
5531016
3364835
8530389
3299259
5500723
3847467
4967351
6087127
6760587
2562438
7006075
1862895
9316908
2823909
3970443
1352450
5902850
3258808
4018205
2016480
1833423
3915382
6115707
2059612
1812627
5355925
2999421
6103497
5938220
3520152
1949306
8557057
4022233
6302534
3209268
5652286
4253391
2315988
6736736
5256356
9316734
6134038
2533158
9291243
3258240
3709335
6411459
6057741
9651857
8915228
1443470
1328842
4226158
4560077
3763180
1634825
3337507
9857741
3231705
2562688
6634190
1422827
8769126
5802466
9945880
7065628
1122967
4942797
8539796
4221211
2833824
8407437
1323449
3744533
2963031
8962560
8199923
4158873
9415968
8243922
1376718
7687447
5094461
3074514
4803938
3607705
2010283
8260252
5970768
6676786
3769215
1689338
8290816
4640838
5908795
8584575
3545029
5525105
4704060
8737745
1905424
4944211
7171958
7907077
4072843
6859313
9318239
4101891
4141616
6427183
7584495
8936813
1773448
4682393
2631270
9438734
2410824
9464262
6486294
9241049
6670140
5377922
3736526
3671336
1177596
4502382
5228302
2343364
9267635
6564043
3867442
7518088
4378315
9714496
6114635
5315033
7944056
3258092
2313758
7635998
9423728
6535695
5525062
9867652
9795759
4002971
6824490
9701669
7664257
1333418
7870545
4019190
9803447
9883667
3494414
5887041
3299747
7053360
8307101
4700550
5871593
1885772
4179218
8714025
3669619
6603041
5195537
8981614
6568037
7952536
3226848
6943942
5523855
8251329
5123325
9437802
3316165
8752373
7944242
8874622
4373680
7881129
4477259
6976841
2974017
4440771
7930120
2219360
8457939
3660172
2985995
3821324
9615740
4560366
4250078
9932918
7637508
2635023
5460005
1634765
9353462
5600317
8111787
5512758
1269163
4023824
7285620
6801241
2604131
3717138
2050242
7373427
4453945
4779377
2367702
4107305
5690412
6360901
3148982
3794096
2362946
8075505
8078348
3066501
2682260
6289180
7703418
5021739
9145544
8975890
3086672
3578279
4785477
9474513
4694161
7303178
4593526
8389605
9838713
2304990
6597236
8664903
5014615
2030598
1896863
9105802
1544338
2618593
5571878
5965708
7670210
4582739
9381775
2055232
8782270
2957759
6712037
8003943
2235625
4515983
4201668
5138347
2843820
6733475
2212943
2437871
2422413
4914841
5668689
8904033
9531663
3446210
8719069
5640311
2580796
6678897
4537885
9776606
8873193
6631799
5491063
3248683
9718321
2783759
5395005
9276010
9697857
6076404
5239977
3430501
1528844
9670616
5719427
2347330
3041661
2359094
8547112
7791059
5646681
3354342
2350936
4728134
2756920
4911302
2592904
3105111
6002186
6986498
8607654
9795577
8673207
3975841
1878781
4253219
6562624
8677016
2281693
8767441
5379787
1170145
8432745
9734035
9308893
9359743
5806435
4322498
7920646
9673695
4317164
8059842
8275981
2789243
8390589
1170062
7577194
2429301
3632682
5600789
9833294
5394787
7623283
4290743
7297947
9501117
9022099
3648142
9538812
8505884
6805392
7438894
3855039
2654385
3907675
3506200
5704766
2840004
4463531
6415789
8496299
9141734
5530091
2760973
4864043
8179379
6817802
7495564
8100461
6378435
4440071
2961624
2140072
6328632
9288129
1494762
8201816
3070501
6196653
4741627
9384182
9481078
6077942
3612460
6642563
2406507
6660057
4408400
1285022
2952595
5989881
9034006
6872638
3828885
7943416
1588920
9468333
1544944
1221417
4331906
6109347
4426488
6395830
5376245
7663953
5124484
2310112
6177544
7563863
1702962
3443119
8053668
7383665
7782710
9498259
4430085
1500478
1982885
3319929
5204863
5089395
5205267
1988197
1311249
7014468
2282126
2106976
2639694
7884704
1266279
4352483
2235569
7362024
8398921
6390288
9022932
1600195
3515800
8004150
9547794
1187022
9445580
2763899
3731936
4508755
2264959
2548566
8656853
9361164
2713614
4698001
9333415
8032220
4938725
2358077
3360344
3753373
6682704
8185901
1141702
5526157
1825338
5155640
6327207
7254815
7481198
8905404
9992494
2672198
8636469
9597165
8709966
3228203
7250865
2944786
9083435
9124157
7836362
7150635
8346021
3724755
6925305
9217259
3813405
4348374
4801718
6024388
7115155
5867701
3694002
6426885
5525019
7599519
4988199
5326058
2429659
9058818
3563123
5008300
9319383
4652514
5680053
1815661
6453334
9869417
6330041
3187469
5845954
2022538
1269291
3912828
3940302
1347081
3599306
8692214
6079261
7328204
1726139
1142262
2992428
7053233
2625871
3846782
2462720
2356413
2352915
9584940
8599742
2118111
3885461
5929136
3002781
6011168
6647393
9134212
8987460
8747638
6357876
7675976
2447128
1583292
3734437
3774206
2048838
3440935
9298397
5533654
7440292
4660897
9053035
5573342
7026863
2056030
1573117
7625337
7271463
6769345
3949823
2240151
2665930
9783551
6406107
6970746
8832847
3648195
9854847
4722250
3751357
7736563
8489439
9244568
7479720
7685435
6401708
8597468
3029415
4856775
7639478
1288890
8844350
2272471
8716429
1891970
3582113
2960124
4021581
7066694
2063079
1918849
1201029
3326955
7561957
8236295
9644566
6687372
1340813
1633811
9978501
8624432
2301391
6173153
2113231
7893589
7660124
5507049
4461556
4010334
5566456
9382614
8539438
1734427
9337784
8449036
1448218
4312678
3543191
6237248
4953113
3232036
2151527
2204849
2365271
1900894
7727514
6935934
8471258
7725999
4188129
6144785
1512480
4524340
6296523
3988216
5452425
8786806
2719110
5494384
5737429
7048207
5311433
6010583
4689066
7389448
3201286
9408095
3717607
7935463
7066415
5406047
6699828
3221587
4399338
1458505
8370560
2286369
5904635
6043420
2104373
4487938
7161615
3697439
7955357
4488818
1593771
2256241
6499037
1462816
1848602
6166680
8553279
2751479
8054235
9060953
5148015
4564984
4430421
4923587
3717856
1202722
3220704
6146253
2365904
5487936
8717258
3766855
1485392
5556266
4478328
2425139
1776890
8237331
5081806
7686358
8790284
4086915
4206445
1190836
3408667
5062223
4621485
8459461
2595430
5421087
8164214
6893353
9714386
4142134
2262828
3106236
7320672
6749458
6010442
6804502
3287081
2356774
8726942
1262978
6978936
3453462
6919955
3815651
5762045
8114592
3448411
9346482
2740770
6518060
7729855
3467748
2200215
5401008
4442028
1884497
2433892
2440484
5933953
4957371
6231821
3856962
1734544
9389510
2124214
4402718
1120005
6883897
6477749
8970490
6459649
5495104
9905293
3398084
9373438
2489330
9765739
6947968
4419368
4597027
8444078
8149922
4856182
3704243
1704163
6316305
2638185
7270705
6654152
5548396
8281722
6719011
2137070
4582918
4915464
2817897
9574575
1397528
8467793
3891192
4901867
4811173
5924028
2359061
9095370
3252897
8535764
5745802
5049529
1371223
4634218
5515019
4307195
2687392
9100914
3808566
1984050
9503804
8099774
3976721
3155852
9743264
8320844
3759719
1509814
6580513
4205770
6493074
9991603
5230756
6219878
5742670
8827752
7882926
2491588
6825233
2018271
5443571
5258665
5413926
9574300
8297830
4880648
1135642
6570652
6203277
3533817
7793010
4317899
9106586
2384733
8269973
6722347
6781338
2261231
7745576
8767041
1844058
1832289
7781132
7550134
6974489
6948779
5270346
3013553
6234334
3283404
